515 ’ renna

Delphiona trlpua 918 11, 915 17. Ἑλλήνων παῖδες 909 11. ’
0511151155111315. 1111111555151515,189,111 9, “
Democritus 351 18. 181 17,

Didymoticlrne opp. 99 1, 111 11, Heracleotae 18, 93.

150 1, 170 91, 181 18. Heracleoticum llill octium 13 11.

Diogenes Cynicua 7 11. llerculia colunnae 191 18.

6. 0151111151 986 18, 313 19, 396 11515155 397 11.
99,10690,19518,19611,5515555151 3831.
19110,13990,13915119 llreraolrtao 1811
10,1111516 1117,1599,11151515111118115,95199.

153 16. llippocratca 101 16.

115555190811. llonrerua 199, 51 15 ot 19, 918

1155111111591. 18, 35111511 ’

81111191 19. Hyrcanos Bithyniae 5511111111 91 .

11151511551191133519719. 91,998,11693,11193, 151 l

’. 1151111111, 151. 1,’1,515 1111ο,11915,150

Euchitao 3968. 7, 903 90, 997 90, 931 1, 959

Eagcnla 913 91. 9, 5013, 558 10.

Eulogla imperatrix 938 9. 31155511 198 11.

8515111111 309 5. lalyoue opp. 191. g

855551519113,395931115113.15111515 1111118191.

815111181ιό.1ω111111158115,51515,111

55155190315111.15,160111111,16893,1915.

Eusebius 5155161 10,166 9, tta 1551115119.

1816. locatae 110 93.
111111111511111515,8119,558 151151515979.

11. lgnotiua Antiochiae patriarcha 99 ¹
5551 symbolum 131 5. 191
Godoe 19318151111551, 11.

y ro* Γαλατώνυμονφ 55511 1551191, 1155151151. 996 13, 937 119115.
763, 786, 8991, 53715551 1511 193, 3518.
93.15Γ5151551511,999.151551151155511111 1315.

Gallicum 111151911.1515551 patriarcha cp. 911, 511

(15551131 199911915. 17.

5555111511113,131,11511,1511511515515515119890.

1515,19011.151555115551155111511196.

Georgius 5151155197 99, 31 18. loaouph 91390, 3166.

Grutionopolle 5655151115 1111151116.

Gregorius Alexandriae patriarcha loaepla 118 1.

9919. 1115118911.11555015555155151511085111
Gregorius praecentorem, 989 10,1591,1881.

11, 99013, 9991, 997 16, 301 lrene Palaeologi aoror 551 90.

90, 3171, 397 1, 311 13, 359 lraoc monachor 1155111511 90.

19,31911,19390.11155111511111155163 5.

5111151115..ιο,·1.1111,151 115115115111115. ι

1, 9901, 997 13, 3016, 313 115511111353.

19, 31613, 338 9113618103 ludaei 7115, 81 11, 103 90,110 ,

5, trecenteno 15111 15. i
90,1183,15199,17111. 15511115511151118113.

111151591610. lulianua apoatota 63 6, 330 11.

Hecuba 161 811151 1603.

1111155151 15. 5151111155· 3919.

llolooelo. Palaeolo 1115111899, Latapaacua 181 16.

150 8, 959 90,9 19, 506 99. 5111155151988.

 

