1

’ ω eanonicus.

111

Latini 12 6, 2915, 42 13,- 144 lliphon 36611161259 5,

ἔ 9. episeopus 16111161 262 16.

Lazarus hierosolym. patriarcha 22

Lemnns ins. 182 11, 226 11, 242 2.

Λεσβία 611661μῆ 366 2.

Lesbos 1111226 13, 242 1, 504
2, 554 19, 564 18, 565 4.

Leucosia 28 9.

Lindus 12 1.

thbi 1161161661 gens 514 7. ,

1161 563 3. Lydorum satrapa 162

Lydia 159 17. .

1116166611 99 5, 100 7.

Maeotis 41 23, 194 17, 199 15,

S. Mamas 188 22.

1111111111. 457 7.

9161166166 monasterium 243 21.

Manichaei 3094, 424 13, 430 15,

Menoe 44718.

1116611 llsan 510 16.

Mauuel 616111611661 248 23.

Mauuel 1111116611161249 8.

mfflmfflMWQ

maraton 430 13, 491 3.

Marcionistae 397 12.

111111 Andronici 6161· 557 17.

11111116 monasterium 243 22.

Maximianus 63 7.

8. 9111661285 16, 292 13, 293
18, 3013, 324 13, 32518, 327
6 11 16, 33524, 356 13, 357
16, 360 21, 3656, 36723,
2, 454 17, 461 11, 474 13, 489
20, 491 19.

Mediolanum 193 13.

stinos 39 22.

Minotaurus 40 3.

Mitylene 563 25.

9616116 202 22.

Moses 283 15, 417 5, 421 9, 443

8, 488 22.

91111161 136 8,

91111008, 118 3, 203 14.
9161111313 11.

Nestorius 263 12.

Miuaea 508 10, 509 2.
1111116161 6166661161 gener
mihim... me 11, 1611..

1111111, 13 12, 461 21.

 

9611217.

9611161418 18.

Oceanus occidentalis 199 18.

Olympia 216 15.

01116161 61111 mons 28 6

01111111 opp. 99 1,141 11, 150
14, 152 2, 153 17, 178 9,

011616 opp. 46 22, 47 22.

01166 141 23.

Oropus 43 10.

9111161611 118 10,

16. 9111161616193 13, 1483, 178
24, 187 21, 207 14, 226 10,
241 9, 5543.

9111111161 14 11, 240 18.

91111611 184 9, epotatio 19.

. 91166111668 7, 111 1541316,Ι

1144646666 12522, 298 12,
,378 23, 386 1, 404 17, 428 2,

431 1, 445 19, 499 16.
916111 patriarcha 67 3.

Peloponnesii 77 18, 249 1.
Pelops 136 9,
Pentapolis 16 7.

Perinthus s. Heraclea 78 14, 201

’,21,

91111184 7, 144 23, 241 8.
Petrus 116116161412 21, 435 15.
9111615616199 18.

Pharao 19 1142219,
Pheraeorum 11111661 161 2,
Philippi opp. 564 12.

9111611161 06111661 r. 6611111111.
Phocaea 504 3, 505 2, 55922.

Phoenicia 1516, 24618.
91611661 274 3.

Pindarus 391 15,
Pisistratus 484 12.

11,1ο11111,1111. ruamus· , ’ ’

1161 3691,
961111111161 8.
Ponti 611χῆ11 45 8 el 16, 83 23,
117 24. 6111111645 19.
porta aurea 1804, 181 4.

166161 22622, 481 5.
916166661161566 11.

Propontis 86 1. ,

Protagoras 373 5.
9161161406 1. '

Ptolemaei 1616911116ςό2 17.
9111611167 14. ’

ommes· 111

 

