11111 1111111161.

8111111111 17 1.

Babylonius 11111111 461 24.

81111111181111111 260 7,. 54012.

sullas. Calaber 3117, 139 3,
235 13, 267 15, 272 18.

8. 81111111122 14, 283 3, 285
10, 289 6, 300 5, 304 10, 306
15, 309 6,’316 21, 319 22, 326
10, 3415, 36412, 39819, 442
2, 483 9, 485 7.

1111111123 16.

8111111148822. .

mmmmms

8111111184 7, 117 10.

Bizye 111.·153 18, 2498, 510

ν 16.

11 8111111111 templum 242 21.

8111111402.

Bogoorili 259 7, 309 4.

Britanni 354 11.

Colo 128 18.

0111111362 19,.

Calliope 201 5.

011111111 patriarche Cp. 195 7,
234 16, 249 12, 257 5, 520 7,

0111111111111111533 18. ”

0111111111505 3.

61 camelo proverbium 19421.

01111111 opp. 12 1.

11. 011111111111 24 10, 37 11, 53
21, 55 20, 149 2, 171 19,177
11, 195 5, 23611, 34216, 377
mmm

Carmelus moos 240 21.

Carystus opp. 46 21.

Caspium mare 199 15.

Castellum Cp· 24223.

01111111 42 10, 8417, 87 14, 88

· 11

Cllrlslopolls opp. 56411.

’ 11. 'chrysostomus 12322, 125 10,
128 7, 285 13, 298 9, 307 5, .

wsmmmmmr
wumwmmoms
umsmsmwom
owwmmmfflm
momommmp
mmmmmsmm

mmwome -

χρυσοῖ - κέρματα 52 3.
011111116 16, 19 17.

, cleodemus 377 19. s

Clotho 219 23.
Cnossos opp. 39 11.

01111111 1111111111 episcoprum
1, 80 1. Cp. polriorolrs 201

nmmmswmm,›

1653216. ,
Coelesyris 14 16, 24019.
11111111 11111111 1113. .
1113111111 11111111 414 7, 425 16,
011111111111111111181 13, 1042.
Corcyraei 77 17.
8. Cosmus 2774, 490 11. ”
0111111 monesterium 244 9.
Crego igs. 39 4, 45 23, 8416,
0111111120 12. , .
Cyclades 111. 40 1, 4221, 85 3.

011111121817. Cyclopes 134 5. , ¹

01611111. 19 22.
011111181111111111111111151314.
cylonis ἄγος 411 20.

Cypros 111. 27 18, 183 5.
Cyrene urbs 16 6.

· 8. Cyrlllus 292 21, 29111198

1616161

19, 89 5, 161 17, 177 15, 189 Ιο.1)1111111111 1232, 278 3, 281

5, 242 13.
011111111 Lesbi 61111111 503 25.
Cephalonise comes 249 3, 557 3.
Chelones 111111 338 7.
0151111θά11 88 7, 90 21, 117 11,

mmsmommm,
owomowom
11, 350 1, 311 1 eros, 111
mmmmmwwm
mmm

1111111111 urbs 14 17, 24020.

fflmmwfflwssm,mmwmmmmm

mmmm

; Charmides 1111111111 284 9.

4481.

Dardanus 1111227 18.

0111111111185 20, 118 22, 203 Darius 1623.

mmm
Chios 111. 51 7, 78 3.
0113111111 8. Sophia 1111111225

1111111111 11111559 2.
David 127 2, 325 7, 332 12, 530

mmsmmfflww
tr'o 22816.

 

