579 ΙΝΒΕΧ nosocomos,

11111111 1111111141 11. Syria 15 11.

PYhhlssonl ¹42 20. nni! ⁴2 41 ⁹⁰ ¹⁴¹ ¹94 ¹⁷9 ιω
Pythagorei 64 9. 14.

11111393 19. 1111111910.

1111111111 100 15. Telchinea 381 8.

11111111 111. 11 11, 11111 11 19. Tenediorum perimor 6, 116 16.
1111111111 bearorum 1111111 5181. Tenedna ina. 789, 85 14, 13611,
nonai 111 11. 141 11, 111 e, 1511115711

linaria 114 15, 199 11, 511 18. 503 11, 537 17, 554 5.
8111111111 163 11. 1111111111111111 1.

81111111Ι 111. 41 18. Thabor mona 378 8, 381 7, 394 ³
Salomon 315 li, 439 11. 3, 397 17, 414 1. l
Samothrace 116 11. Thebae Aegyptiacae 14 3.
8111111886. Tbebae 1111111111 47 11, 180 15.
Sardinia ina. 190 7. 111111111111141 19.
Scamander ll. 51 18, 117 17. Tbeodcrna onpcua 309 18, 381 9,
Scorpion r. bandarius 11 Tilphon. 458 8, 463 11, 464 5.
de 11111111 189 l· Theognoatna lloaaiae epiecopnr
8111111 18189014. 14111114- 151311. ’
11111513 11151717. repei- 8711111111113874.
6115318. 51111111111119919. 71111111118511,34110. ’
114 cavennei παράλια 45 10. Therapea 88 5.
Selymbria 14911,17014, 510 71111111133111.
15. Therona 40 8.
Semela 134 6. 111111111557 10.
811111 148 16, 169 9, 55613. Τ11111111111446, 45 3, 74 7,
8111118511. 147 17, 168 14, 184 7,1168,
Sidon 140 11. 168 16, 560 4. ’
Simoin o. 117 17. Thracen 114 11. ’
Simon 0111111. 557 8. Thracia 7919, 1007, 103 10,
Simon 1111151013. 5101· 111117111111115018,
, sirene· 13510. . 160 9.
8111111167 7,49813. Tbnleina. 51711. ,
Sodoma 388 8· Triballi 100 1, 179 3, 54010.
8. Sophia 198 19, 101 11, 135 8, Troja 51 14.
14710, 154 9, 516 17, 538 19. Tyrrhenicum mare 190 7,
· Sophoclea 366 7. 1111114011.
Sozopolis 8311. 1111111 118 17. .
Suae 1510, ⁴ Veneti 41 10, 76 5, 8418, 144
Symeon 11111111111185 1. 10, 111 13, 1816. 2
Symeon nomopbylax 111 14. 1111111141 10, 85 5, 145 6.
Symeon Trapezuniioa 531 10, 7111111111111 11118111111514 11.

„W

 

